2 33 25
33 34 25
32 34 25
40 28 12
39 40 28
35 39 28
21 22 32
21 22 35
32 22 23
22 23 35
23 25 32
23 28 35
23 25 26
23 24 26
23 24 27
23 27 28
25 26 41
26 41 42
24 26 42
24 42 43
24 27 43
27 43 44
27 28 44
28 44 45
41 42 50
42 43 50
43 50 51
43 51 52
43 44 52
44 45 52
41 46 50
46 47 50
47 50 51
47 51 52
47 48 52
48 49 52
45 49 52
15 16 29
16 29 30
16 30 31
16 17 31
17 31 32
18 35 36
18 19 36
19 36 37
19 20 37
20 37 38
29 30 33
30 31 33
31 33 34
31 32 34
35 36 39
36 37 39
37 39 40
37 38 40
0 15 29
0 1 29
1 2 29
2 29 33
14 20 38
13 14 38
12 13 38
12 38 40
2 3 25
3 4 25
4 25 41
11 12 28
10 11 28
10 28 45
4 5 41
5 41 46
10 45 49
9 10 49
5 6 46
6 7 46
46 47 7
7 47 48
7 8 48
8 9 48
9 48 49
17 21 32
18 21 35
17 18 21
0 15 59
15 59 60
15 16 60
16 17 60
17 60 61
17 18 61
18 19 61
19 20 61
20 61 62
20 62 63
14 20 63
1 2 55
1 55 54
0 1 54
53 54 0
56 57 14
13 14 57
13 57 58
12 13 58
0 53 59
14 56 63
53 59 64
59 60 64
60 64 65
60 61 65
61 62 65
62 65 66
62 63 66
56 63 66
5 6 67
6 7 69
7 8 69
8 9 71
6 67 69
8 69 71
67 68 69
69 70 71
68 72 73
68 73 74
68 69 74
69 70 74
70 74 75
70 75 76
64 65 77
65 66 78
65 77 78
77 79 64
53 64 79
66 78 80
56 66 80
53 54 79
54 55 79
56 57 80
57 58 80
79 81 55
68 72 81
58 80 82
70 76 82
55 68 81
58 70 82
55 67 68
58 70 71
2 3 55
3 55 67
3 4 67
4 5 67
11 12 58
11 58 71
10 11 71
9 10 71