105 330
108 370
115 424
121 452
131 489
143 507
176 548
250 598
320 548
350 502
365 474
369 440
373 412
379 358
382 330
127 295
162 277
207 292
284 285
327 275
361 295
244 305
245 358
246 406
247 432
212 423
226 423
269 419
282 420
153 308
171 302
190 305
208 313
164 324
191 322
283 318
295 307
320 307
335 316
295 324
323 323
197 478
228 473
250 474
273 471
292 478
214 494
228 503
266 503
283 491
228 483
250 480
273 482
77 322
82 370
107 423
408 306
404 357
389 404
106 229
143 158
244 132
337 146
370 214
92 110
243 30
383 88
140 555
140 597
252 638
365 577
356 540
0 633
0 699
250 699
489 699
489 613
0 0
489 0
0 314
489 314
0 488
489 488