100 316
108 339
115 383
120 412
141 451
172 480
199 498
248 517
308 493
336 467
356 441
372 409
375 388
379 350
385 300
156 285
189 284
223 293
285 287
320 282
355 291
250 313
249 345
252 376
250 402
211 396
228 394
272 395
285 399
159 324
178 320
200 321
214 331
175 332
195 334
286 327
300 316
321 319
337 324
301 335
320 335
190 427
224 427
248 426
276 425
312 429
204 446
227 463
268 464
292 443
223 441
248 442
282 439
71 307
77 345
100 391
416 301
410 349
395 384
116 263
147 180
246 165
367 199
378 268
102 154
255 44
385 153
164 531
106 570
248 610
387 549
351 521
0 625
0 699
250 699
489 699
489 600
0 0
489 0
0 311
489 311
0 514
489 514